start	0.01
incs_per_order	20
1	
0.999999599	
0.999999093	
0.999998458	
0.999997658	
0.999996651	
0.999995384	
0.999993795	
0.999991788	
0.999989262	
0.99998605	
0.999982086	
0.999977038	
0.999970691	
0.999962698
0.999952657
0.999940028
0.999924067
0.999904021
0.999878787
0.999847074
0.999807152
0.999756965
0.999693837
0.999614372
0.999514618
0.999389058
0.999231272
0.999032969
0.998784002
0.998471679
0.998079877
0.997588953
0.996974289
0.996205506
0.995244843
0.99404566
0.992553611
0.99069803
0.988396095
0.985548025
0.982034034
0.977713432
0.972421021
0.965965918
0.958131247
0.948673979
0.937328054
0.923807913
0.907819173
0.889067716
0.867276181
0.842202822
0.813663527
0.781555471
0.745881066
0.706768718
0.664487196
0.619452975
0.572225189
0.52348873
0.474024266
0.424668495
0.376266941
0.329624642
0.285459759
0.244365755
0.206784777
0.172995453
0.143114601
0.117110977
0.094828555
0.076014906
0.060351557
0.047482838
0.037041022
0.028666414
0.022021956
0.016802603
0.012740196
0.009604777
0.00720332
0.005376789
0.003996285
0.002958822
0.002182518
0.001605791
0.001177878
0.000861867
0.000629281
0.000458532
0.000333544
0.000242257
0.000175713
0.0001273
9.21222E-05
6.66093E-05
4.81219E-05
3.47358E-05
2.41743E-05
1.74257E-05
1.1774E-05
9.04546E-06
6.10744E-06
4.47364E-06
3.04912E-06
2.06387E-06
1.41381E-06
9.45737E-07
6.79877E-07
4.90928E-07	
3.51235E-07	
2.52414E-07	
1.57812E-07	
1.30283E-07	
9.36203E-08	
5.83734E-08	
4.82955E-08	
3.4711E-08	
2.11344E-08	
1.50975E-08	
1.00398E-08	
7.01842E-09	
5.47289E-09	
3.97147E-09	
2.85259E-09	
2.07989E-09	
1.46186E-09	
1.03528E-09	
7.64521E-10	
5.5511E-10	
3.91779E-10	
2.41154E-10	
1.73276E-10	
1.24297E-10	
8.92906E-11	
6.40324E-11	
4.59983E-11	
4.13249E-11	
2.36558E-11	
1.71022E-11	
