0.01                   0.3613099427705344
0.011220184543019636   0.3613098633959086
0.012589254117941675   0.36130976343176957
0.01412537544622754    0.3613096376269622
0.015848931924611134   0.36130947877044745
0.01778279410038923    0.3613092795680943
0.0199526231496888     0.3613090289503494
0.0223872113856834     0.3613087137632313
0.025118864315095794   0.3613083172186499
0.028183829312644536   0.3613077167865237
0.03162277660168379    0.36130718342264745
0.03548133892335755    0.361306395701824
0.039810717055349734   0.36130538950148017
0.04466835921509633    0.3613041430504054
0.05011872336272722    0.36130256204628597
0.05623413251903491    0.3613005750567904
0.06309573444801933    0.3612980753249852
0.0707945784384138     0.36129492263258073
0.07943282347242818    0.36129095638269487
0.08912509381337455    0.36128596181007566
0.1                    0.36127968175206676
0.11220184543019636    0.3612717752308438
0.12589254117941676    0.3612618257492186
0.14125375446227545    0.3612493123671329
0.15848931924611137    0.3612335592049276
0.17782794100389232    0.36121355633376373
0.19952623149688797    0.3611888244542226
0.223872113856834      0.3611574781859451
0.25118864315095807    0.36111808208499246
0.2818382931264454     0.3610685643659281
0.316227766016838      0.3610063503309379
0.3548133892335755     0.36092847011941404
0.3981071705534973     0.3608301297757567
0.4466835921509632     0.3607070599136267
0.5011872336272724     0.36055276051763196
0.5623413251903492     0.36035947952799496
0.6309573444801934     0.36011756390995836
0.707945784384138      0.35981499781437776
0.7943282347242817     0.35943729574322725
0.8912509381337458     0.35896637905742373
1.0000000000000002     0.3583802957832751
1.1220184543019638     0.35765230576799284
1.2589254117941675     0.3567502063858451
1.4125375446227548     0.35563535220774267
1.5848931924611138     0.3542618173208241
1.7782794100389232     0.3525755042943137
1.9952623149688804     0.3505135214907611
2.2387211385683403     0.3480035811752982
2.511886431509581      0.34496386372448457
2.8183829312644546     0.34130368637365166
3.16227766016838       0.3369244846380198
3.548133892335756      0.3317221837393162
3.981071705534973      0.3255904211701011
4.466835921509633      0.3184253897169055
5.011872336272725      0.3101316696060619
5.623413251903492      0.30062999826090897
6.309573444801935      0.2898641549362966
7.079457843841382      0.2778115902946394
7.943282347242818      0.26448972709586754
8.91250938133746       0.24996350920673832
10.000000000000005     0.23434956398574577
11.220184543019641     0.21781694293407236
12.589254117941675     0.20058381490502797
14.125375446227547     0.18290954633725798
15.848931924611142     0.16508266696646143
17.782794100389236     0.14740540549707365
19.952623149688808     0.1301765624271017
22.3872113856834       0.11367408306114807
25.11886431509581      0.0981396575808002
28.18382931264455      0.08376648746087337
31.62277660168381      0.07069205218929892
35.48133892335757      0.05899531027691188
39.810717055349734     0.04869909580509904
44.668359215096324     0.03977630073233082
50.11872336272725      0.032158857860606384
56.23413251903494      0.025748163916846527
63.095734448019364     0.020425701388264102
70.79457843841384      0.016062827057410977
79.43282347242817      0.01252908480207713
89.12509381337459      0.00969865157483508
100.                   0.007454875910204823
112.20184543019641     0.005693057193163282
125.89254117941675     0.004321745514472237
141.25375446227554     0.003262911389281678
158.48931924611142     0.002451302516984537
177.82794100389245     0.0018333086177171618
199.52623149688807     0.0013655526797563427
223.872113856834       0.001013424028718807
251.18864315095823     0.0007496282512126183
281.8382931264455      0.0005528677246339814
316.22776601683825     0.00040667958087189373
354.81338923357566     0.00029844502610224606
398.1071705534973      0.00021855413031430306
446.6835921509635      0.00015975440784663091
501.18723362727246     0.00010590499391658369
562.3413251903496      0.00008494417039994122
630.9573444801937      0.00006181528770953394
707.945784384138       0.000044930185512218615
794.3282347242822      0.000032629497280075925
891.2509381337459      0.000023460931377671777
1000.000000000001      0.000016720810554902
1122.018454301964      0.0000115232331248537
1258.9254117941675     8.764640164784143e-6
1412.5375446227554     6.33932818460714e-6
1584.893192461114      4.3655642609526534e-6
1778.2794100389247     2.94141153691542e-6
1995.262314968881      2.215039576595577e-6
2238.72113856834       1.5200692380260993e-6
2511.886431509582      1.098236307165513e-6
2818.382931264455      7.107778127116901e-7
3162.2776601683827     5.134627761047114e-7
3548.1338923357566     3.7011475603783274e-7
3981.0717055349774     2.6707650739722046e-7
4466.835921509635      1.6310240825863497e-7
5011.872336272725      1.3878921170002745e-7
5623.4132519034965     1.0020567056376206e-7
6309.573444801937      6.099646896078018e-8
7079.457843841388      4.3982525427552336e-8
7943.282347242822      3.755666465976258e-8
8912.509381337459      2.7056988848629672e-8
10000.                 1.4913746968520453e-8
11220.184543019654     1.0833490640194925e-8
12589.254117941688     7.80466444623191e-9
14125.375446227554     6.156784428199977e-9
15848.93192461114      4.359669130783693e-9
17782.794100389227     3.138927989456377e-9
19952.62314968883      2.3085314500403566e-9
22387.211385683422     1.673451441362546e-9
25118.864315095823     1.1446557209485109e-9
28183.82931264455      8.576240323105844e-10
31622.776601683792     6.251446518396339e-10
35481.3389233576       4.41970794172625e-10
39810.71705534977      2.645284397547973e-10
44668.359215096345     1.9050968213419228e-10
50118.72336272725      1.373114988535007e-10
56234.13251903491      9.902045866505624e-11
63095.73444801943      7.12191694818838e-11
70794.57843841388      5.1359780385771796e-11
79432.82347242821      4.8213967838972644e-11
89125.0938133746       2.6577872349610063e-11
100000.                1.9327121021981645e-11
