NCOLS     60
NROWS     24
XLLCORNER -1.575
YLLCORNER 50.575
CELLSIZE  0.00833333333333333333
NODATA_VALUE -9999
0 0 0 0 0 0 0 0 0 0 0 0 0 0 0 0 0 0 0 0 0 0 0 0 0 0 0 0 0 0 0 155 0 0 0 0 0 0 0 0 0 0 0 0 0 0 0 0 0 0 0 0 0 0 0 0 0 0 0 0
0 0 0 0 0 0 0 0 0 0 0 0 0 0 0 0 0 0 0 0 0 0 0 0 0 0 0 0 0 20 371 793 1781 0 511 447 106 12 0 0 0 0 0 0 0 0 0 0 0 0 0 0 0 0 0 0 0 0 0 0
0 0 0 0 0 0 0 0 0 0 0 0 0 0 0 0 0 0 0 0 0 0 0 0 0 0 0 6 10 148 663 911 2534 0 2499 2408 240 11 4 0 0 0 0 0 0 0 0 0 0 0 0 0 0 0 0 0 0 0 0 0
0 0 0 0 0 0 0 0 0 0 0 0 0 0 0 0 0 0 0 0 0 0 0 0 0 0 0 11 35 95 157 609 303 130 375 950 211 63 11 8 3 0 0 0 0 0 0 0 0 0 0 0 0 0 0 0 0 0 0 0
0 0 0 0 0 0 0 0 0 0 0 0 0 0 0 0 0 0 0 0 0 0 0 1 10 83 27 26 24 64 100 666 418 52 0 106 189 132 33 15 23 26 86 91 10 0 0 21 0 128 0 0 0 0 0 0 0 0 0 0
0 0 0 0 0 0 0 0 0 0 0 0 0 0 0 0 0 1 1 1 1 8 3 3 5 28 58 18 15 8 11 30 133 20 0 27 29 32 37 90 746 1125 435 228 58 138 1056 1300 1744 3924 2805 734 124 0 0 0 0 0 0 0
0 0 0 0 0 0 0 0 0 0 0 0 0 0 2 7 5 4 6 8 14 4 3 4 37 36 14 7 8 7 13 131 644 76 25 37 54 20 54 190 555 453 127 25 28 165 744 1076 2445 2085 3061 2098 321 93 118 408 0 0 0 0
0 0 0 0 0 0 0 0 0 0 0 62 15 6 9 13 10 7 9 11 18 18 23 18 34 23 9 7 6 11 50 731 1638 227 98 268 11 5 62 45 7 5 11 74 268 41 14 194 173 156 48 499 139 34 213 1049 0 0 0 0
0 0 0 0 3 17 35 139 105 458 135 212 77 21 36 100 96 32 100 101 25 9 15 19 13 18 26 16 50 83 355 352 1537 1888 1629 1932 348 62 6 10 6 3 13 56 52 11 8 23 31 19 6 39 18 5 30 122 183 0 0 0
0 0 0 0 2 81 181 51 19 12 15 27 60 52 77 23 40 56 35 25 34 12 5 3 4 7 7 4 10 75 1569 1769 2716 3742 1500 649 188 35 16 16 15 2 2 2 4 8 12 9 15 6 3 18 14 10 41 701 0 63 211 0
0 0 0 34 800 1666 706 603 43 8 29 9 5 6 28 13 19 36 200 42 12 26 13 7 5 4 4 18 12 38 209 200 184 269 294 20 6 4 9 51 13 4 3 4 3 9 12 6 3 5 8 126 46 5 5 13 20 70 1137 1046
0 4 6 382 909 469 860 556 62 33 12 6 10 5 3 6 12 7 13 23 34 44 10 2 5 6 1 3 33 16 6 7 26 17 42 33 47 13 26 59 24 11 6 7 5 5 7 4 3 5 12 627 623 14 10 17 91 156 0 0
17 33 16 64 47 25 0 0 0 0 14 12 4 4 6 14 21 12 4 2 3 3 1 1 2 5 1 2 3 8 26 7 58 65 33 33 57 18 31 16 92 97 6 60 82 13 114 79 5 11 71 413 70 48 11 6 11 0 0 0
0 0 0 0 0 0 0 0 0 0 0 0 19 4 5 13 8 4 2 2 3 1 1 1 2 3 6 7 1 3 6 9 26 28 19 12 5 9 60 4 4 31 65 89 111 133 95 34 99 861 1998 0 0 0 0 0 0 0 0 0
0 0 0 0 0 0 0 0 0 0 0 0 0 0 32 62 15 6 11 12 39 22 3 3 3 9 49 10 2 4 14 78 74 20 62 346 95 29 11 4 12 36 148 124 803 291 34 56 1071 1698 0 0 0 0 0 0 0 0 0 0
0 0 0 0 0 0 0 0 0 0 0 0 0 0 0 13 11 6 6 26 432 494 54 6 5 26 292 28 4 8 22 14 8 9 10 57 25 44 15 4 3 5 10 40 178 114 93 620 0 0 0 0 0 0 0 0 0 0 0 0
0 0 0 0 0 0 0 0 0 0 0 0 0 0 0 0 0 0 0 24 62 134 21 7 8 9 59 23 6 6 5 8 8 9 4 22 17 296 621 62 34 32 31 17 14 46 176 1634 0 0 0 0 0 0 0 0 0 0 0 0
0 0 0 0 0 0 0 0 0 0 0 0 0 0 0 0 0 0 0 0 0 0 8 18 9 4 2 3 3 4 8 5 6 6 4 11 9 42 116 34 13 19 73 13 26 466 1184 2474 0 0 0 0 0 0 0 0 0 0 0 0
0 0 0 0 0 0 0 0 0 0 0 0 0 0 0 0 0 0 0 0 0 0 0 0 17 10 6 13 14 10 102 113 46 4 8 16 17 23 6 3 6 159 518 32 9 16 83 242 0 0 0 0 0 0 0 0 0 0 0 0
0 0 0 0 0 0 0 0 0 0 0 0 0 0 0 0 0 0 0 0 0 0 0 0 0 0 6 11 7 6 74 39 7 9 3 15 36 10 3 2 6 146 731 40 8 7 21 54 0 0 0 0 0 0 0 0 0 0 0 0
0 0 0 0 0 0 0 0 0 0 0 0 0 0 0 0 0 0 0 0 0 0 0 0 0 0 0 0 27 10 14 9 2 3 4 16 114 196 8 3 6 22 299 242 32 89 183 0 0 0 0 0 0 0 0 0 0 0 0 0
0 0 0 0 0 0 0 0 0 0 0 0 0 0 0 0 0 0 0 0 0 0 0 0 0 0 0 0 0 0 72 27 4 4 28 110 112 253 23 26 14 105 374 0 0 0 0 0 0 0 0 0 0 0 0 0 0 0 0 0
0 0 0 0 0 0 0 0 0 0 0 0 0 0 0 0 0 0 0 0 0 0 0 0 0 0 0 0 0 0 0 83 21 16 385 523 38 18 94 195 0 0 0 0 0 0 0 0 0 0 0 0 0 0 0 0 0 0 0 0
0 0 0 0 0 0 0 0 0 0 0 0 0 0 0 0 0 0 0 0 0 0 0 0 0 0 0 0 0 0 0 0 26 0 0 0 0 0 0 0 0 0 0 0 0 0 0 0 0 0 0 0 0 0 0 0 0 0 0 0
