start	0.1
incs_per_order	1000
1	
0.999997069	
0.999994125	
0.999991167	
0.999988195	
0.99998521	
0.999982211	
0.999979198	
0.999976172	
0.999973131	
0.999970077	
0.999967008	
0.999963925	
0.999960827	
0.999957715
0.999954589
0.999951448
0.999948292
0.999945122
0.999941937
0.999937343
0.999935524
0.999932294
0.99992905
0.999925791
0.999922517
0.999919229
0.999915925
0.999912605
0.999909271
0.999905929
0.999902566
0.999899187
0.999895792
0.999892383
0.999888925
0.999885483
0.999882027
0.999878573
0.999875065
0.99987156
0.999868039
0.999864501
0.999860948
0.999857378
0.999853791
0.999850189
0.99984657
0.999842935
0.999839283
0.999835614
0.999831929
0.999828261
0.999824516
0.999820779
0.999817026
0.999813256
0.999809468
0.999805686
0.999801864
0.999798024
0.999794166
0.999790291
0.999786398
0.999782488
0.99977856
0.999774613
0.999770648
0.999766478
0.999762472
0.999758447
0.999754597
0.999750541
0.999746466
0.999742373
0.999738261
0.999734005
0.999729857
0.999725813
0.999721625
0.999717418
0.999713192
0.999708946
0.999704685
0.999700401
0.999696097
0.999691774
0.999687431
0.999683067
0.999678684
0.999674281
0.999669857
0.999665413
0.999660944
0.99965646
0.999651955
0.999647429
0.999642883
0.999638316
0.999633723
0.999629115
0.999624486
0.999619839
0.999615167
0.999610473
0.999605758
0.999601021
0.999596263
0.999591484
0.999586682
0.999581858
0.999577013
0.999572123
0.999567231
0.999562317
0.999557381
0.999552423
0.999547442
0.999542439
0.999537413
0.999532365
0.999527322
0.999522228
0.999517108
0.999511966
0.999506802
0.999501613
0.999496402
0.999491167
0.999485908
0.999480618
0.99947531
0.999469979
0.999464624
0.999459243
0.999453838
0.999448408
0.999442953
0.999437472
0.999431967
0.999426436
0.999420889
0.999415306
0.9994097
0.999404068
0.999398411
0.99939273
0.999387092
0.999381361
0.999375604
0.99936982
0.999364009
0.99935817
0.999352394
0.999346501
0.99934058
0.999334632
0.999328656
0.999322653
0.99931662
0.999310479
0.999304391
0.999298274
0.999292052
0.99928588
0.999279683
0.999273459
0.999267206
0.99926093
0.999254619
0.99924828
0.999241914
0.999235516
0.999229089
0.999222631
0.999216145
0.99920963
0.999203087
0.999196512
0.999189907
0.999183272
0.999176607
0.999169914
0.999163189
0.999156433
0.999149647
0.9991428
0.999135952
0.999129072
0.999122162
0.99911522
0.999108247
0.999101243
0.999094233
0.999087163
0.999080061
0.999072927
0.99906576
0.999058561
0.999051329
0.999044064
0.999036766
0.999027428
0.999022071
0.999014672
0.999007241
0.998999782
0.998992284
0.998984752
0.998977185
0.998969584
0.998961948
0.998954278
0.998946572
0.998938832
0.998931056
0.998923244
0.998915148
0.998907265
0.998899606
0.998891647
0.998883662
0.998875635
0.99886757
0.998859315
0.998851176
0.998843156
0.998834945
0.998826696
0.998818411
0.998810087
0.998801726
0.998793328
0.998784891
0.998776379
0.998767863
0.998759309
0.998750717
0.998742086
0.998733448
0.998724739
0.99871599
0.9987072
0.99869837
0.998689503
0.998680595
0.998671804
0.998662657
0.998653627
0.998644557
0.998635445
0.998626292
0.998617097
0.998607859
0.998598579
0.998589254
0.99857989
0.998570484
0.998561034
0.998551542
0.998542008
0.998532442
0.99852283
0.998513168
0.998503462
0.998493711
0.998483916
0.998474076
0.998464191
0.99845426
0.998444283
0.99843426
0.998424192
0.998414069
0.998403911
0.998393707
0.998383457
0.998373161
0.99836281
0.998352421
0.998341986
0.998331503
0.998320924
0.998310345
0.998299717
0.998289041
0.998278317
0.998267544
0.998256773
0.998245903
0.998233611
0.998224024
0.998213006
0.99820194
0.998190789
0.998179621
0.998168402
0.998157133
0.998145846
0.998134475
0.998123048
0.998111573
0.998100045
0.998088466
0.998076841
0.998065158
0.99805342
0.998041632
0.99802952
0.998017728
0.99800595
0.997993947
0.99798189
0.997969779
0.997957613
0.997945392
0.997933116
0.997920784
0.997908385
0.99789594
0.997883439
0.997870881
0.997858279
0.997845601
0.997832872
0.997820086
0.99780724
0.997794344
0.997781379
0.997768362
0.997755293
0.997742159
0.997728966
0.997715713
0.997702399
0.997688992
0.997675556
0.997662061
0.997648506
0.997634926
0.997621248
0.997607509
0.997593705
0.997579839
0.997565914
0.997551927
0.997537878
0.997523765
0.997509589
0.997495349
0.997481044
0.997466672
0.997452236
0.997437737
0.997423172
0.997408542
0.997393847
0.997379086
0.997364259
0.997349366
0.997334458
0.997319427
0.997304328
0.997289161
0.997273927
0.997258624
0.997243253
0.997227754
0.99721224
0.997196656
0.997181004
0.997165281
0.997149488
0.997133625
0.997117691
0.997101685
0.997085608
0.997069457
0.997053233
0.997036936
0.997020564
0.997004122
0.996987606
0.996971014
0.99695435
0.996937613
0.9969208
0.996903872
0.996886907
0.996869866
0.996852806
0.996835613
0.996818342
0.996800992
0.996783563
0.996766056
0.996748472
0.996730797
0.996713057
0.99669524
0.996677342
0.996659351
0.996641301
0.99662316
0.99660493
0.996586625
0.996568238
0.996549768
0.996531215
0.996512588
0.996493867
0.996475053
0.996456176
0.9964372
0.996417933
0.996399002
0.996379772
0.996360462
0.996341064
0.996321579
0.996302007
0.996282346
0.996262597
0.996242721
0.996222793
0.996202819
0.996182716
0.996162521
0.996142233
0.996121858
0.996101393
0.996080835
0.996060187
0.99603945
0.996018617
0.99599769
0.995976668
0.995955476
0.995934273
0.995913038
0.995891638
0.995870144
0.995848554
0.995826868
0.9958054
0.995783521
0.995761565
0.995739489
0.995717004
0.995694713
0.995672341
0.995649869
0.995627296
0.995604625
0.995581853
0.995558979
0.995536004
0.995512927
0.995489746
0.995466462
0.995443075
0.995419582
0.995395982
0.99537228
0.995348471
0.995324557
0.99530054
0.995276413
0.995252179
0.995227794
0.995203343
0.995178828
0.995154159
0.995129383
0.995104481
0.995079483
0.995054366
0.995029146
0.995003815
0.99497839
0.994952833
0.994927162
0.994901374
0.994875476
0.994849464
0.994823331
0.994797089
0.994770723
0.994744242
0.994717645
0.994690929
0.994664317
0.99463715
0.994610073
0.994582881
0.994555571
0.99452814
0.994500587
0.994472913
0.994445115
0.994417194
0.994389103
0.994360934
0.994332688
0.994304269
0.994275747
0.994247074
0.994218278
0.994189355
0.994160304
0.994131127
0.994101796
0.994072356
0.994042785
0.994013082
0.993983248
0.99395328
0.993923183
0.993893016
0.993862592
0.993832096
0.993801465
0.993770699
0.993739797
0.993708759
0.993677584
0.993646271
0.993614822
0.993581815
0.993550024
0.993519642
0.993487635
0.993455486
0.993423197
0.993390764
0.993358209
0.993325484
0.993292619
0.993259608
0.993226452
0.993193154
0.993159687
0.993126094
0.993092304
0.993058412
0.993024425
0.992990236
0.992955899
0.992921407
0.992886972
0.99285197
0.992817026
0.992781929
0.992746678
0.992711273
0.992675712
0.992639993
0.992604119
0.992568088
0.992531896
0.992495542
0.992459032
0.992422362
0.992385107
0.992348535
0.99231138
0.992274054
0.992236573
0.992198936
0.992161128
0.992123156
0.992085015
0.992046719
0.992008191
0.991969603
0.991930792
0.99189181
0.991852654
0.991813332
0.991773839
0.991734201
0.991694368
0.991654355
0.991614165
0.991573768
0.991533156
0.991492504
0.991451606
0.991410531
0.991369278
0.991327845
0.99128624
0.991244443
0.991202467
0.991160298
0.991117952
0.991075423
0.991032719
0.99098982
0.990946734
0.990903463
0.990859945
0.990816281
0.990772533
0.990728471
0.990684242
0.990639824
0.990595214
0.990550414
0.990505415
0.990460222
0.990414834
0.990369189
0.990323464
0.990277481
0.990231299
0.990184913
0.990138323
0.990091536
0.990044549
0.989996878
0.989949964
0.989902366
0.989854569
0.989806558
0.989758119
0.989709905
0.989661262
0.989612406
0.989563339
0.989514059
0.989464568
0.989414863
0.989364948
0.98931482
0.989264473
0.989213907
0.989163121
0.989112115
0.989060821
0.98900944
0.988957774
0.988905882
0.988853769
0.988801428
0.988748846
0.988696074
0.988643061
0.98858982
0.988536338
0.988482668
0.988428729
0.988374481
0.988320106
0.988265472
0.988210604
0.9881555
0.988100157
0.988044575
0.98798875
0.987932684
0.987876378
0.987819839
0.987763052
0.987706004
0.987648786
0.987591264
0.987533469
0.987475452
0.987417176
0.987358662
0.987299894
0.987241207
0.987181613
0.98712209
0.987062312
0.987002207
0.986941987
0.98688144
0.986820635
0.986759555
0.986698227
0.986636652
0.986574801
0.986512672
0.986450295
0.986387652
0.986324742
0.986261562
0.98619811
0.986134385
0.986070385
0.986006113
0.985941526
0.985876149
0.985811651
0.985746279
0.985680643
0.985614717
0.98554851
0.985482023
0.985415175
0.985348197
0.985280857
0.985213231
0.985145319
0.985077112
0.985008623
0.98493983
0.98487076
0.984801393
0.984731717
0.984661762
0.984591529
0.984520983
0.984450175
0.984379029
0.984307506
0.984235759
0.984163708
0.98409138
0.98401871
0.983945733
0.983872503
0.983798912
0.983724995
0.983650764
0.983576263
0.98350119
0.983426256
0.983350783
0.983274992
0.983198881
0.983122442
0.983045686
0.982968615
0.982891231
0.982813418
0.982735421
0.982657032
0.982578332
0.982499275
0.982418791
0.982340212
0.98226017
0.982179795
0.982099049
0.982018003
0.981936615
0.981854883
0.981772804
0.981690378
0.981607607
0.981524526
0.981441065
0.98135726
0.981273081
0.981188569
0.981103721
0.981018502
0.980932785
0.980846904
0.980760708
0.980674059
0.980587047
0.980499671
0.980411928
0.980323826
0.980235344
0.980146498
0.980057287
0.979967725
0.979877775
0.979787452
0.979696751
0.97960567
0.97951421
0.97942244
0.979330223
0.979237558
0.979144676
0.97905119
0.978957434
0.978863284
0.978768729
0.978673795
0.978578452
0.978482736
0.97838664
0.978290146
0.978193238
0.978095933
0.977998223
0.977900108
0.977801404
0.977702656
0.977603323
0.97750358
0.977403406
0.977302837
0.977201876
0.97710048
0.976998642
0.976896409
0.976793754
0.976690679
0.976587185
0.976483261
0.976378907
0.976274146
0.976168931
0.976063289
0.975957212
0.975850697
0.975743728
0.975636343
0.975528541
0.975420269
0.975311556
0.975202123
0.975092808
0.974982762
0.974872264
0.974761316
0.97464991
0.974538058
0.974425747
0.974312955
0.97419975
0.974086059
0.973971911
0.973857257
0.973742179
0.973626669
0.973510669
0.973394253
0.973277205
0.973159748
0.973041826
0.97292343
0.97280455
0.972685186
0.972565521
0.97244517
0.97232433
0.972203023
0.97208123
0.971958941
0.971836218
0.971712947
0.971589172
0.971464896
0.971339999
0.971214842
0.971089062
0.970962748
0.970835975
0.970708665
0.970580846
0.970452514
0.97032366
0.970194297
0.970064418
0.969934011
0.969803075
0.969671427
0.969539442
0.969406943
0.969273892
0.969140294
0.969006182
0.968871506
0.968736344
0.968600608
0.968464335
0.96832731
0.968190178
0.968052265
0.967913805
0.967774803
0.967635241
0.967495113
0.967354439
0.967213175
0.967071403
0.966929041
0.966786117
0.966642613
0.966498547
0.966354213
0.966208748
0.966062971
0.965916605
0.965769964
0.965622098
0.965473993
0.965325296
0.965176011
0.965026143
0.964875652
0.964724638
0.964572981
0.964420735
0.964267875
0.96411443
0.963960377
0.963805721
0.963650297
0.963494573
0.963338087
0.963180953
0.963023267
0.962864927
0.96270597
0.96254639
0.962386127
0.962225344
0.962063881
0.9619018
0.96173907
0.961575694
0.961411694
0.961246995
0.961081777
0.960915845
0.960749272
0.960582018
0.960414178
0.960245652
0.960076454
0.959906634
0.959736137
0.959564965
0.959393158
0.959220667
0.959047513
0.958873691
0.95869919
0.958523985
0.958348182
0.958171655
0.95799445
0.957816478
0.95763789
0.957458729
0.957278727
0.957098075
0.956916728
0.956734684
0.956551946
0.956368519
0.956184363
0.955999503
0.955813925
0.955627648
0.955440646
0.955252937
0.955064513
0.954875374
0.954685526
0.954494933
0.954303438
0.954111566
0.953918788
0.953725274
0.953530987
0.953336034
0.953140275
0.952943826
0.95274661
0.952548576
0.952349922
0.952150447
0.951950217
0.951749232
0.951547485
0.951344924
0.951141727
0.950937662
0.950732846
0.950527264
0.950320863
0.950113766
0.949905824
0.94969713
0.949487663
0.949277398
0.949066338
0.94885448
0.948641829
0.948428392
0.948214151
0.947999066
0.947783479
0.947566604
0.947349145
0.947130896
0.946911802
0.946691871
0.946471154
0.946249609
0.946027236
0.945804036
0.945580034
0.945355178
0.945129454
0.94490292
0.944675548
0.944447295
0.944218281
0.943988372
0.943757624
0.943526025
0.943293574
0.943060086
0.942826079
0.942591038
0.942355135
0.942118375
0.94188069
0.941642226
0.941402838
0.941162578
0.940921444
0.940679427
0.940436468
0.940192686
0.939948001
0.939702415
0.939455929
0.939208568
0.938960286
0.938711098
0.938461002
0.938210006
0.93795805
0.937705292
0.937451549
0.937196886
0.936941308
0.93668481
0.936427377
0.936169017
0.935909714
0.935649476
0.935388314
0.935126209
0.934863163
0.934599167
0.93433422
0.934068327
0.93380147
0.933533685
0.933265859
0.932995189
0.932724499
0.932452834
0.93218023
0.931906617
0.931632035
0.931356482
0.931079951
0.930802435
0.930523929
0.930244431
0.929963951
0.92968248
0.929400019
0.929116553
0.928832074
0.928546586
0.928260095
0.927972608
0.927684098
0.927394564
0.927104022
0.926811936
0.926519859
0.92622632
0.925931608
0.925635941
0.925339202
0.925041455
0.924742772
0.924442893
0.924141999
0.923840067
0.923537092
0.923233065
0.922927938
0.92262179
0.922314576
0.922006302
0.921696093
0.921386563
0.92107509
0.92076251
0.920448871
0.920134157
0.919818351
0.919501482
0.919183394
0.918864435
0.918544266
0.918223005
0.917900631
0.917577179
0.917252614
0.916926969
0.916600184
0.916272351
0.915943247
0.915613099
0.915281828
0.914949453
0.914615935
0.914281292
0.913945509
0.913608593
0.913270508
0.912931322
0.912590984
0.912249494
0.911906883
0.91156308
0.911218142
0.910872034
0.910524755
0.910176337
0.909826742
0.90947598
0.909124043
0.908770933
0.908416633
0.908061184
0.907704542
0.907346716
0.90698772
0.906627477
0.906266067
0.905903457
0.90553964
0.90517465
0.904808445
0.904441035
0.904072332
0.903702577
0.903331506
0.902959256
0.90258577
0.902211051
0.901835114
0.901457766
0.901079418
0.900699907
0.90031902
0.899936922
0.899553576
0.899168982
0.898783126
0.898396033
0.898007669
0.897618086
0.897227232
0.896835116
0.896441909
0.896047071
0.895651148
0.895253944
0.894855461
0.894455739
0.894054725
0.893652425
0.89324874
0.892844026
0.892437782
0.892030343
0.891621593
0.891211543
0.890800202
0.890387537
0.889973579
0.889558283
0.889141684
0.888723833
0.88830447
0.887884101
0.887462257
0.887039089
0.886614578
0.886188765
0.885761613
0.885333121
0.884903312
0.884472166
0.88403963
0.883605775
0.883170566
0.88273404
0.882296297
0.881856867
0.881416277
0.880974307
0.880530988
0.880086297
0.879640248
0.879192821
0.87874403
0.87829386
0.877842306
0.87738937
0.876935061
0.876479374
0.876022299
0.875563848
0.875103996
0.874642851
0.874180109
0.873716081
0.873250645
0.872783796
0.872315576
0.871845905
0.871374833
0.870902374
0.87042848
0.869953145
0.869476442
0.868998297
0.868518735
0.868037626
0.867555317
0.867071441
0.866586183
0.866099484
0.865611315
0.865121718
0.864630664
0.864138212
0.863644286
0.863148912
0.86265209
0.862153802
0.861654089
0.861152907
0.860650279
0.860146159
0.859640593
0.859133563
0.858625083
0.858115127
0.857603659
0.857090749
0.856576378
0.856060508
0.855543159
0.855024326
0.854503987
0.853982226
0.853458944
0.852934168
0.852407909
0.851880153
0.851350903
0.850820174
0.850287909
0.849754142
0.849218897
0.848682166
0.84814389
0.847604107
0.847062826
0.846520027
0.845975728
0.845429902
0.844882568
0.844333699
0.843783318
0.843231414
0.842678004
0.842123026
0.841566547
0.841008532
0.840449006
0.839887905
0.83932529
0.838761147
0.838195455
0.837628234
0.837059464
0.836489145
0.835917294
0.83534389
0.834768934
0.83419244
0.83361439
0.833034778
0.832453656
0.831870936
0.831286638
0.830700809
0.830113422
0.829524479
0.828933974
0.828341901
0.827748197
0.827153057
0.826556285
0.825957943
0.825358035
0.82475656
0.824153495
0.823548768
0.822942647
0.822334871
0.821725509
0.821114565
0.820502038
0.819887941
0.819272264
0.818654989
0.818036175
0.817415698
0.816793643
0.816170052
0.815544845
0.814918098
0.814289674
0.813659706
0.813028132
0.81239498
0.811760224
0.811123867
0.810485917
0.809846363
0.80920522
0.808562483
0.807918143
0.807272187
0.806624638
0.805975504
0.805324765
0.804672439
0.804018723
0.803362899
0.802705732
0.802046962
0.801386511
0.800724588
0.800061004
0.799395787
0.798728972
0.798060564
0.797390521
0.796718885
0.796045511
0.795370755
0.794694283
0.794016228
0.793336493
0.792655173
0.791972234
0.791287701
0.790601501
0.789913777
0.789224396
0.788533402
0.787840787
0.787146563
0.786450716
0.785753265
0.785054194
0.78435351
0.783651208
0.782947299
0.782241767
0.781534613
0.780825838
0.780115463
0.779403338
0.778689859
0.77797469
0.777257825
0.776539371
0.775819309
0.775097618
0.774374284
0.773649431
0.772922905
0.772194775
0.771465037
0.7707337
0.770000712
0.769266117
0.768529937
0.767792139
0.767052724
0.766311701
0.765569082
0.764824853
0.764079007
0.763331553
0.762582496
0.761831835
0.761079563
0.760325676
0.759570218
0.758813267
0.758054491
0.757294188
0.756532292
0.75576883
0.755003793
0.754237073
0.753468801
0.752698901
0.751927457
0.751154401
0.750379773
0.74960352
0.748825711
0.748046294
0.74726528
0.746482701
0.745698542
0.744912782
0.744125417
0.743336485
0.742545992
0.741753906
0.740960242
0.740165005
0.739368198
0.738569813
0.737769827
0.736968326
0.73616523
0.735360572
0.734554402
0.733746547
0.732936851
0.732125868
0.731313398
0.730499376
0.729683781
0.728866651
0.728047969
0.727227728
0.726405935
0.725582629
0.724757753
0.723931323
0.723103383
0.722274303
0.721443283
0.720610731
0.719776638
0.718941025
0.718103891
0.717265224
0.716424984
0.715583301
0.714740042
0.713895172
0.713048989
0.712201289
0.711352011
0.710501216
0.70964895
0.708795134
0.707939861
0.707083081
0.706224804
0.705365038
0.704503785
0.703641048
0.702776844
0.701911139
0.701043967
0.700175306
0.699305185
0.698433595
0.69756054
0.696686022
0.695810046
0.69493262
0.694053732
0.693173392
0.692291606
0.691408367
0.690523713
0.689637611
0.688750065
0.687861097
0.686970685
0.686078877
0.68518563
0.68429097
0.683394876
0.682497404
0.681598515
0.6806982
0.67979645
0.678893415
0.677988928
0.677083038
0.676175795
0.67526707
0.674357094
0.673445685
0.672532923
0.671618785
0.670703281
0.669786415
0.668868204
0.667948633
0.667027708
0.666105424
0.665181837
0.664256907
0.663330584
0.662403006
0.661474133
0.660543871
0.659612323
0.658679448
0.657745284
0.656809807
0.65587302
0.654934957
0.653995602
0.653054961
0.652113062
0.65116986
0.650225386
0.64927964
0.648332605
0.647384384
0.646434878
0.64548394
0.644532063
0.643578878
0.642624403
0.641668712
0.640711778
0.639753628
0.638794268
0.637833525
0.636871917
0.635908939
0.634944739
0.633979404
0.633012857
0.63204517
0.631076236
0.630106171
0.629134937
0.628162546
0.627189026
0.626214295
0.625238333
0.624261458
0.623283367
0.622304154
0.621323756
0.620342279
0.619359696
0.618375807
0.617391224
0.616405353
0.615418321
0.614430308
0.613441177
0.612450975
0.611459692
0.610467365
0.609473951
0.608479546
0.607484077
0.606487563
0.605489625
0.604491071
0.603491854
0.60249128
0.60148966
0.600487047
0.599483443
0.598478865
0.597473294
0.596466731
0.595459232
0.59445073
0.59344127
0.592430879
0.591419538
0.590407246
0.589394031
0.588379913
0.587364827
0.586348848
0.585331198
0.584314179
0.583295502
0.582275931
0.581255495
0.580234159
0.579211967
0.578188895
0.577164996
0.576140242
0.575114645
0.574088199
0.573060957
0.572032865
0.571003967
0.569974273
0.568943778
0.567912455
0.566880309
0.5658475
0.564813863
0.563779451
0.562744282
0.561708362
0.560669472
0.559634286
0.558596163
0.557557296
0.556517722
0.5554774
0.554436456
0.553394793
0.552352419
0.55130938
0.550265658
0.549221272
0.548176229
0.547130532
0.546084187
0.545037235
0.54398954
0.542941367
0.541892558
0.540843092
0.539793016
0.53874235
0.537691168
0.536639339
0.535586968
0.53453406
0.533480566
0.532426498
0.531371924
0.530316849
0.52926122
0.528205076
0.527148424
0.526091276
0.525033636
0.523975521
0.522916905
0.521857823
0.520798292
0.519738306
0.518677711
0.517617004
0.516555711
0.515493979
0.514431821
0.513369312
0.51230638
0.511243021
0.510179343
0.50911523
0.508050785
0.506986007
0.505920856
0.504855364
0.503789529
0.502723376
0.501656907
0.500590127
0.499523055
0.498455652
0.497388025
0.496320087
0.495251889
0.494183421
0.493114725
0.49204577
0.490976579
0.489907161
0.488837512
0.487767692
0.486697702
0.485627421
0.484557009
0.483486394
0.482415539
0.481344609
0.480272909
0.479202319
0.478130962
0.47705957
0.475988068
0.474916269
0.473844462
0.472772572
0.471700638
0.470628518
0.469556395
0.468484215
0.46741199
0.466339721
0.465267409
0.464195083
0.463122731
0.46205038
0.46097803
0.45990569
0.458833349
0.457760427
0.456688795
0.455616596
0.454544434
0.453472333
0.452400318
0.451328355
0.450256498
0.449184734
0.448113058
0.44704151
0.445970083
0.444898788
0.443827766
0.442756616
0.441685774
0.440615064
0.439544561
0.438474247
0.437404088
0.436334146
0.435264422
0.434194891
0.433125604
0.432056548
0.430987731
0.42991917
0.428850864
0.427782796
0.426715071
0.425647611
0.424580463
0.423513565
0.422447
0.421380607
0.420314871
0.419249291
0.418184073
0.417119195
0.416054689
0.414990569
0.413926813
0.412863449
0.411800489
0.410737934
0.409675794
0.40861408
0.407552797
0.406491959
0.405431576
0.404371633
0.403312186
0.402253179
0.401194677
0.400136665
0.399079157
0.398022158
0.396965674
0.39590973
0.394854302
0.393799432
0.392745108
0.391691348
0.39063817
0.389585546
0.388533532
0.387482093
0.386431281
0.385381053
0.384331458
0.383282497
0.382234168
0.381186494
0.380139449
0.37909309
0.378047396
0.377002387
0.37595806
0.374914431
0.373871508
0.372829291
0.37178781
0.370747031
0.369707008
0.368667724
0.367629201
0.366591436
0.365554442
0.364518226
0.363482792
0.362448164
0.361414334
0.360381315
0.359349117
0.358317748
0.357287205
0.356257487
0.355228669
0.354200685
0.35317358
0.352147357
0.351121994
0.350097528
0.349073961
0.348051306
0.347029572
0.346008758
0.344988879
0.343969935
0.342951941
0.341934906
0.340918788
0.339903699
0.338889575
0.337876432
0.336864284
0.335853138
0.334842986
0.333833867
0.33282577
0.331818582
0.330812671
0.329807697
0.328803771
0.327800914
0.326799103
0.325798388
0.324798756
0.323800222
0.32280278
0.321806442
0.32081122
0.31981714
0.318824169
0.317832343
0.316841655
0.31585212
0.314863739
0.313876534
0.312890684
0.311905636
0.310921957
0.309939483
0.308958205
0.307978137
0.306999292
0.306021652
0.305045256
0.304070092
0.303096161
0.302123588
0.301152069
0.300181914
0.299213022
0.29824542
0.297279103
0.296314065
0.295350325
0.294387894
0.293426771
0.292466967
0.291508482
0.290551329
0.289595508
0.288641046
0.287687919
0.286736151
0.285785746
0.284836716
0.283889052
0.282942774
0.281997879
0.281054381
0.280105645
0.279171685
0.278232309
0.277294452
0.276358003
0.275422995
0.274489429
0.273557306
0.27262666
0.271697402
0.270769636
0.269843341
0.268918509
0.267995162
0.267073285
0.266152915
0.265234034
0.264316683
0.263400769
0.26248642
0.261573574
0.260662255
0.259752451
0.258844194
0.25793747
0.257032293
0.256128664
0.255226591
0.254326083
0.25342771
0.252529767
0.251633957
0.250739665
0.249847069
0.248956067
0.24806662
0.247178773
0.246292538
0.245407935
0.244524909
0.243643511
0.242763747
0.241885617
0.241009115
0.240134257
0.239261045
0.238389477
0.237519566
0.236651314
0.235784719
0.234919796
0.234056549
0.233194972
0.232335083
0.231476857
0.230620337
0.229764682
0.228912381
0.228060952
0.22721123
0.226363217
0.22551692
0.224672354
0.223829492
0.222988358
0.222148957
0.221311289
0.22047536
0.219641169
0.218808642
0.217978028
0.217149087
0.216321585
0.21549651
0.214672811
0.213850914
0.213030791
0.212212435
0.211395862
0.210581068
0.209768048
0.208956836
0.208147405
0.207339767
0.206533924
0.20572988
0.204927637
0.204127216
0.203328593
0.202531784
0.201736791
0.200943615
0.200152258
0.199362726
0.198575021
0.197789148
0.197005105
0.196222874
0.195442522
0.194663964
0.193887269
0.193112447
0.192339436
0.19156829
0.190798998
0.190031559
0.189265978
0.188502254
0.187740392
0.186980406
0.186222273
0.185466007
0.184711616
0.183959089
0.183208449
0.18245968
0.181712789
0.180967778
0.180224654
0.179483407
0.178744047
0.178006575
0.177270994
0.176537301
0.175805744
0.175075595
0.174347587
0.173621472
0.172897259
0.172174931
0.171454531
0.170736019
0.170019412
0.169304713
0.168591918
0.167881033
0.167172077
0.166465035
0.165759855
0.165056608
0.164355274
0.163655862
0.16295835
0.162262775
0.161569105
0.160877354
0.160187526
0.159499611
0.15881362
0.158129522
0.157447372
0.156767142
0.156088838
0.155412454
0.154738019
0.154065488
0.153394856
0.15272617
0.152059431
0.151394596
0.150731688
0.150070646
0.149411651
0.148754522
0.148099319
0.147446043
0.146794697
0.146145271
0.145497777
0.144852215
0.14420857
0.143566857
0.142927073
0.142289209
0.141653275
0.141019266
0.140387181
0.13975702
0.139128804
0.138502482
0.137878095
0.13725564
0.136635102
0.136016483
0.135399796
0.134785024
0.134172174
0.133561246
0.132952237
0.132345145
0.131739973
0.131136715
0.130535377
0.129935959
0.129338451
0.128742853
0.128149177
0.12755741
0.126967549
0.126379607
0.125793565
0.125209436
0.124627213
0.124046893
0.123468478
0.122891966
0.122317352
0.121744651
0.121173842
0.120604929
0.120037914
0.119472793
0.118909568
0.118348233
0.11778879
0.117231235
0.11667557
0.116121788
0.115569892
0.115019879
0.114471748
0.113925494
0.113381119
0.112838618
0.112297994
0.111759235
0.111222355
0.110687342
0.110154195
0.109622911
0.109093491
0.108565931
0.108040231
0.107516389
0.106994405
0.106474261
0.105955974
0.105439538
0.104924945
0.104412195
0.10390129
0.103392224
0.102884993
0.1023796
0.101876037
0.101374305
0.100874401
0.100376324
0.09988007
0.099385633
0.098893016
0.098402215
0.097913205
0.097426048
0.096940682
0.096457116
0.095975355
0.095495395
0.095017231
0.094540863
0.09406628
0.093593499
0.093122498
0.092653281
0.092185846
0.091720189
0.091256308
0.090794198
0.090333859
0.089875503
0.089418478
0.08896343
0.08851014
0.088058606
0.087608821
0.08716079
0.086714501
0.086269956
0.085827151
0.085386085
0.084946748
0.084509083
0.084073268
0.083639112
0.083206663
0.082775968
0.082346969
0.081919679
0.081494099
0.081070221
0.080648049
0.080227573
0.079808791
0.079391701
0.078976299
0.078562581
0.078150545
0.077740192
0.077331507
0.076924494
0.076519142
0.076115462
0.075713429
0.075313075
0.074914364
0.074517304
0.074121883
0.073728117
0.073335984
0.072945487
0.07255662
0.072169384
0.071783771
0.071399781
0.071017406
0.070636645
0.070257496
0.069879953
0.069504011
0.069129668
0.068756916
0.068385764
0.068016195
0.067648211
0.067281804
0.066916976
0.06655372
0.06619203
0.065831907
0.065473345
0.065116338
0.064760887
0.064406984
0.064054624
0.063703807
0.063354527
0.063006781
0.062660564
0.062315874
0.061972704
0.06163104
0.061290919
0.060952287
0.060615165
0.060279543
0.059945422
0.059612793
0.059281654
0.058952004
0.058623828
0.058297134
0.057971912
0.057648162
0.057325877
0.057005053
0.056685687
0.056367772
0.056051308
0.055736288
0.055422709
0.055110568
0.054799858
0.054490574
0.054182722
0.053876284
0.053571265
0.053267656
0.052965456
0.05266466
0.052365262
0.05206726
0.051770639
0.051475425
0.051181585
0.050889121
0.050598034
0.050308315
0.050019967
0.049732974
0.049447341
0.049163063
0.048880131
0.048598515
0.048318305
0.048039396
0.047761822
0.047485576
0.047210651
0.04693705
0.04666476
0.046393785
0.046124116
0.04585575
0.04558868
0.045322906
0.045058421
0.044795223
0.044533305
0.044272665
0.044013298
0.043755197
0.043498363
0.04324279
0.042988472
0.042735406
0.042483588
0.042233013
0.041983678
0.041735577
0.041488707
0.041243061
0.040998641
0.040755436
0.040513445
0.040272665
0.040033095
0.039794713
0.039557535
0.039321549
0.039086751
0.038853136
0.038620702
0.038389443
0.038159355
0.037930431
0.037702677
0.037476077
0.037250633
0.037026338
0.036803189
0.036581181
0.036360311
0.036140574
0.035921968
0.035704486
0.035488125
0.035272879
0.035058746
0.034845723
0.034633801
0.03442298
0.034213255
0.03400462
0.033797074
0.03359061
0.033385226
0.033180916
0.032977678
0.032775505
0.032574395
0.032374343
0.032175346
0.031977398
0.031780496
0.031584636
0.031389813
0.031196025
0.031003266
0.030811532
0.030620819
0.030431124
0.030242441
0.030054768
0.0298681
0.029682433
0.029497762
0.029314083
0.029131395
0.028949691
0.028768975
0.028589221
0.028410447
0.028232642
0.0280558
0.027879921
0.027704997
0.027531027
0.027358005
0.027185928
0.027014792
0.026844592
0.026675325
0.026506987
0.026339576
0.026173084
0.026007506
0.025842845
0.025679093
0.025516247
0.025354306
0.02519326
0.025033107
0.024873844
0.024715467
0.024557972
0.024401356
0.024245614
0.024090743
0.023936739
0.023783594
0.023631313
0.023479887
0.023329312
0.023179584
0.023030708
0.022882666
0.022735462
0.02258909
0.022443547
0.02229883
0.022154934
0.022011857
0.021869595
0.021728142
0.02158749
0.021447655
0.021308613
0.021170366
0.021032913
0.020896248
0.020760369
0.020625271
0.020490951
0.020357404
0.020224629
0.02009262
0.019961363
0.01983089
0.019701163
0.019572187
0.019443961
0.01931648
0.019189743
0.019063744
0.018938481
0.018813951
0.018690146
0.018567068
0.018444711
0.018323071
0.018202147
0.018081934
0.017962428
0.017843627
0.017725527
0.017608125
0.017491417
0.017375399
0.017260069
0.017145423
0.017031458
0.01691817
0.016805557
0.016693614
0.016582339
0.016471728
0.016361778
0.016252486
0.016143848
0.016035862
0.015928524
0.01582183
0.015715778
0.015610365
0.015505584
0.015401439
0.015297922
0.01519503
0.015092761
0.014991111
0.014890077
0.014789656
0.014689845
0.014590641
0.014492042
0.014394042
0.01429664
0.014199832
0.014103618
0.014007992
0.01391295
0.013818492
0.013724612
0.01363131
0.013538581
0.013446422
0.013354831
0.013263804
0.01317334
0.013083434
0.012994084
0.012905287
0.01281704
0.01272934
0.012642185
0.012555571
0.012469496
0.012383956
0.012298949
0.012214472
0.012130522
0.012047097
0.011964194
0.01188181
0.011799941
0.011718586
0.011637742
0.011557405
0.011477574
0.011398245
0.011319415
0.011241083
0.011163245
0.011085899
0.011009041
0.010932671
0.010856783
0.010781377
0.010706449
0.010631997
0.010558018
0.01048451
0.01041147
0.010338896
0.010266784
0.010195132
0.010123939
0.010053201
0.009982915
0.00991308
0.009843693
0.009774751
0.009706251
0.009638193
0.009570571
0.009503386
0.009436633
0.009370311
0.009304417
0.009238949
0.009173904
0.009109281
0.009045075
0.008981286
0.008917911
0.008854948
0.008792393
0.008730245
0.008668503
0.008607162
0.008546222
0.008485679
0.008425531
0.008365777
0.008306413
0.008247439
0.00818885
0.008130646
0.008072824
0.008015382
0.007958317
0.007901627
0.007845311
0.007789366
0.00773379
0.007678581
0.007623735
0.007569254
0.007515132
0.007461368
0.007407961
0.007354908
0.007302205
0.007249855
0.007197852
0.007146195
0.007094881
0.007043909
0.006993277
0.006942983
0.006893025
0.0068434
0.006794107
0.006745144
0.006696509
0.0066482
0.006600215
0.006552552
0.006505208
0.006458184
0.006411475
0.006365081
0.006318999
0.006273229
0.006227766
0.006182611
0.006137761
0.006093214
0.006048968
0.006005022
0.005961373
0.005918021
0.005874962
0.005832197
0.005789721
0.005747535
0.005705635
0.005664021
0.00562269
0.005581642
0.005540873
0.005500382
0.005460169
0.00542023
0.005380565
0.005341171
0.005302047
0.005263191
0.005224602
0.005186278
0.005148217
0.005110417
0.005072883
0.005035598
0.004998574
0.004961805
0.00492529
0.004889027
0.004853014
0.004817251
0.004781734
0.004746464
0.004711438
0.004676654
0.004642112
0.004607809
0.004573745
0.004539917
0.004506325
0.004472966
0.004439839
0.004406944
0.004374277
0.004341838
0.004309626
0.004277639
0.004245875
0.004214334
0.004183012
0.004151911
0.004121027
0.00409036
0.004059908
0.004029669
0.003999643
0.003969828
0.003940223
0.003910826
0.003881635
0.003852651
0.003823871
0.003795294
0.003766918
0.003738743
0.003710767
0.003682989
0.003655407
0.003628021
0.003600829
0.003573829
0.00354702
0.003520402
0.003493973
0.003467732
0.003441677
0.003415808
0.003390122
0.00336462
0.003339299
0.003314159
0.003289198
0.003264415
0.003239809
0.003215379
0.003191123
0.003167042
0.003143132
0.003119394
0.003095825
0.003072426
0.003049196
0.003026131
0.003003232
0.002980497
0.002957926
0.002935516
0.002913269
0.002891182
0.002869254
0.002847484
0.00282587
0.002804414
0.002783111
0.002761963
0.002740968
0.002720125
0.002699432
0.002678889
0.002658495
0.002638249
0.00261815
0.002598195
0.002578388
0.002558723
0.002539201
0.002519821
0.002500582
0.002481483
0.002462523
0.002443701
0.002425017
0.002406468
0.002388055
0.002369777
0.002351632
0.002333619
0.002315738
0.002297988
0.002280368
0.002262877
0.002245514
0.002228279
0.002211169
0.002194186
0.002177327
0.002160591
0.002143979
0.002127489
0.00211112
0.002094872
0.002078743
0.002062733
0.002046841
0.002031066
0.002015408
0.001999865
0.001984437
0.001969122
0.001953922
0.001938833
0.001923856
0.00190899
0.001894234
0.001879587
0.001865048
0.001850618
0.001836295
0.001822078
0.001807966
0.00179396
0.001780057
0.001766258
0.001752562
0.001738967
0.001725473
0.00171208
0.001698787
0.001685593
0.001672497
0.0016595
0.001646599
0.001633794
0.001621085
0.001608471
0.001595952
0.001583526
0.001571193
0.001558952
0.001546804
0.001534746
0.001522779
0.001510901
0.001499112
0.001487412
0.0014758
0.001464275
0.001452837
0.001441485
0.001430218
0.001419036
0.001407938
0.001396924
0.001385993
0.001375144
0.001364377
0.001353691
0.001343086
0.001332561
0.001322116
0.001311749
0.001301461
0.00129125
0.001281117
0.001271061
0.001261081
0.001251176
0.001241346
0.001231591
0.00122191
0.001212303
0.001202768
0.001193306
0.001183915
0.001174596
0.001165348
0.00115617
0.001147062
0.001138023
0.001129054
0.001120152
0.001111318
0.001102552
0.001093852
0.001085219
0.001076652
0.00106815
0.001059713
0.00105134
0.001043031
0.001034787
0.001026605
0.001018485
0.001010428
0.001002433
0.000994498
0.000986625
0.000978812
0.000971059
0.000963365
0.00095573
0.000948154
0.000940636
0.000933176
0.000925774
0.000918428
0.000911138
0.000903905
0.000896727
0.000889605
0.000882537
0.000875524
0.000868565
0.000861659
0.000854808
0.000848008
0.000841261
0.000834567
0.000827924
0.000821332
0.000814791
0.000808301
0.000801861
0.000795471
0.00078913
0.000782838
0.000776595
0.0007704
0.000764254
0.000758155
0.000752103
0.000746098
0.00074014
0.000734228
0.000728362
0.000722541
0.000716765
0.000711036
0.00070535
0.000699709
0.000694111
0.000688556
0.000683045
0.000677577
0.000672152
0.000666768
0.000661428
0.000656128
0.000650869
0.000645652
0.000640475
0.000635339
0.000630243
0.000625186
0.00062017
0.000615192
0.000610253
0.000605353
0.000600492
0.000595668
0.000590882
0.000586133
0.000581422
0.000576748
0.00057211
0.000567509
0.000562943
0.000558414
0.00055392
0.000549461
0.000545037
0.000540648
0.000536293
0.000531973
0.000527672
0.000523434
0.000519215
0.000515029
0.000510875
0.000506755
0.000502667
0.000498611
0.000494587
0.000490595
0.000486634
0.000482705
0.000478806
0.000474938
0.000471101
0.000467294
0.000463517
0.00045977
0.000456052
0.000452364
0.000448705
0.000445075
0.000441474
0.0004379
0.000434356
0.000430839
0.00042735
0.000423889
0.000420455
0.000417049
0.000413669
0.000410316
0.00040699
0.00040369
0.000400417
0.000397169
0.000393947
0.00039075
0.000387579
0.000384433
0.000381309
0.000378216
0.000375145
0.000372098
0.000369076
0.000366077
0.000363102
0.000360151
0.000357223
0.000354318
0.000351437
0.000348579
0.000345743
0.00034293
0.000340139
0.000337371
0.000334625
0.0003319
0.000329198
0.000326516
0.000323857
0.000321219
0.000318601
0.000316004
0.000313429
0.000310874
0.000308339
0.000305824
0.00030333
0.000300856
0.000298401
0.000295964
0.000293551
0.000291154
0.000288777
0.00028642
0.00028408
0.00028176
0.000279458
0.000277175
0.00027491
0.000272663
0.000270434
0.000268224
0.000266031
0.000263855
0.000261697
0.000259556
0.000257432
0.000255326
0.000253236
0.000251164
0.000249107
0.000247068
0.000245045
0.000243038
0.000241047
0.000239072
0.000237113
0.00023517
0.000233243
0.000231331
0.000229434
0.000227553
0.000225687
0.000223836
0.000222
0.000220179
0.000218372
0.00021658
0.000214802
0.000213039
0.00021129
0.000209555
0.000207834
0.000206127
0.000204434
0.000202755
0.000201089
0.000199436
0.000197797
0.000196171
0.000194558
0.000192959
0.000191372
0.000189798
0.000188237
0.000186688
0.000185152
0.000183626
0.000182118
0.000180619
0.000179132
0.000177657
0.000176194
0.000174743
0.000173304
0.000171877
0.000170461
0.000169056
0.000167663
0.000166282
0.000164911
0.000163551
0.000162203
0.000160866
0.000159539
0.000158223
0.000156918
0.000155624
0.00015434
0.000153066
0.000151803
0.00015055
0.000149307
0.000148075
0.000146852
0.000145639
0.000144437
0.000143244
0.00014206
0.000140887
0.000139722
0.000138568
0.000137423
0.000136287
0.00013516
0.000134043
0.000132935
0.000131836
0.000130745
0.000129664
0.000128591
0.000127528
0.000126472
0.000125426
0.000124388
0.000123358
0.000122337
0.000121324
0.00012032
0.000119324
0.000118335
0.000117355
0.000116383
0.000115419
0.000114463
0.000113515
0.000112574
0.000111641
0.000110716
0.000109798
0.000108888
0.000107985
0.00010709
0.000106202
0.000105321
0.000104447
0.000103581
0.000102721
0.000101869
0.000101024
0.000100185
9.93541E-05
9.85293E-05
9.77113E-05
9.68996E-05
9.60952E-05
9.52973E-05
9.45058E-05
9.37212E-05
9.29429E-05
9.21702E-05
9.14045E-05
9.0645E-05
8.98918E-05
8.91448E-05
8.8404E-05
8.76691E-05
8.69403E-05
8.62176E-05
8.55006E-05
8.47895E-05
8.4085E-05
8.33857E-05
8.26917E-05
8.20039E-05
8.13216E-05
8.0645E-05
7.9974E-05
7.93084E-05
7.8648E-05
7.79937E-05
7.73445E-05
7.67007E-05
7.60629E-05
7.54296E-05
7.48008E-05
7.41777E-05
7.35598E-05
7.29473E-05
7.23401E-05
7.1737E-05
7.11398E-05
7.0547E-05
6.99592E-05
6.93755E-05
6.87979E-05
6.8224E-05
6.76678E-05
6.70939E-05
6.65322E-05
6.59775E-05
6.54274E-05
6.48818E-05
6.43406E-05
6.3804E-05
6.32718E-05
6.27438E-05
6.22203E-05
6.17011E-05
6.11863E-05
6.06756E-05
6.01695E-05
5.96672E-05
5.91692E-05
5.8675E-05
5.81853E-05
5.76994E-05
5.72177E-05
5.67399E-05
5.62654E-05
5.5796E-05
5.533E-05
5.48679E-05
5.44093E-05
5.39548E-05
5.3504E-05
5.30569E-05
5.26134E-05
5.21739E-05
5.17377E-05
5.13055E-05
5.08764E-05
5.0451E-05
5.00291E-05
4.9611E-05
4.91956E-05
4.87844E-05
4.83766E-05
4.79717E-05
4.75706E-05
4.71728E-05
4.6778E-05
4.63871E-05
4.59987E-05
4.56137E-05
4.52316E-05
4.48535E-05
4.44781E-05
4.41052E-05
4.37365E-05
4.33698E-05
4.3007E-05
4.26467E-05
4.229E-05
4.19355E-05
4.15848E-05
4.1236E-05
4.08909E-05
4.05481E-05
4.02089E-05
3.98721E-05
3.95383E-05
3.92062E-05
3.88779E-05
3.8552E-05
3.82291E-05
3.79084E-05
3.75911E-05
3.72755E-05
3.69634E-05
3.66532E-05
3.63462E-05
3.6041E-05
3.57397E-05
3.54392E-05
3.51424E-05
3.48474E-05
3.45559E-05
3.42651E-05
3.39784E-05
3.36925E-05
3.34099E-05
3.313E-05
3.28515E-05
3.2579E-05
3.23018E-05
3.20317E-05
3.17626E-05
3.14959E-05
3.1232E-05
3.09693E-05
3.07098E-05
3.04516E-05
3.0196E-05
2.99422E-05
2.96912E-05
2.94418E-05
2.91943E-05
2.8949E-05
2.87064E-05
2.84648E-05
2.8226E-05
2.79886E-05
2.77533E-05
2.75203E-05
2.72888E-05
2.70597E-05
2.68323E-05
2.66066E-05
2.63837E-05
2.61612E-05
2.59414E-05
2.57235E-05
2.55074E-05
2.52932E-05
2.50801E-05
2.48692E-05
2.46599E-05
2.44531E-05
2.42468E-05
2.40429E-05
2.38407E-05
2.36402E-05
2.34409E-05
2.32444E-05
2.30487E-05
2.28546E-05
2.26628E-05
2.24716E-05
2.22826E-05
2.20951E-05
2.19094E-05
2.17247E-05
2.15419E-05
2.13608E-05
2.11808E-05
2.10026E-05
2.08255E-05
2.06505E-05
2.04767E-05
2.03043E-05
2.01333E-05
1.99636E-05
1.97952E-05
1.96287E-05
1.94634E-05
1.92995E-05
1.91368E-05
1.89755E-05
1.8816E-05
1.86574E-05
1.85001E-05
1.60E-05
1.82E-05
1.80E-05
1.79E-05
1.77E-05
1.76E-05
1.74E-05
1.73E-05
1.71E-05
1.70E-05
1.69E-05
1.67E-05
1.66E-05
1.64E-05
1.63E-05
1.62E-05
1.60E-05
1.59E-05
1.58E-05
1.56E-05
1.55E-05
1.54E-05
1.52E-05
1.51E-05
1.50E-05
1.48E-05
1.47E-05
1.46E-05
1.45E-05
1.44E-05
1.42E-05
1.41E-05
1.40E-05
1.39E-05
1.38E-05
1.36E-05
1.35E-05
1.34E-05
1.33E-05
1.32E-05
1.31E-05
1.30E-05
1.29E-05
1.27E-05
1.26E-05
1.25E-05
1.24E-05
1.23E-05
1.22E-05
1.21E-05
1.20E-05
1.19E-05
1.18E-05
1.17E-05
1.16E-05
1.15E-05
1.14E-05
1.13E-05
1.12E-05
1.11E-05
1.10E-05
1.09E-05
1.08E-05
1.08E-05
1.07E-05
1.06E-05
1.05E-05
1.04E-05
1.03E-05
1.02E-05
1.01E-05
1.01E-05
9.97E-06
9.88E-06
9.80E-06
9.72E-06
9.63E-06
9.55E-06
9.47E-06
9.39E-06
9.31E-06
9.23E-06
9.15E-06
9.07E-06
9.00E-06
8.92E-06
8.85E-06
8.77E-06
8.70E-06
8.62E-06
8.55E-06
8.48E-06
8.41E-06
8.34E-06
8.26E-06
8.19E-06
8.13E-06
8.06E-06
7.99E-06
7.92E-06
7.85E-06
7.79E-06
7.72E-06
7.66E-06
7.59E-06
7.53E-06
7.46E-06
7.40E-06
7.34E-06
7.27E-06
7.21E-06
7.15E-06
7.09E-06
7.03E-06
6.97E-06
6.91E-06
6.85E-06
6.80E-06
6.74E-06
6.68E-06
6.62E-06
6.57E-06
6.51E-06
6.46E-06
6.40E-06
6.35E-06
6.29E-06
6.24E-06
6.19E-06
6.14E-06
6.08E-06
6.03E-06
5.98E-06
5.93E-06
5.88E-06
5.83E-06
5.78E-06
5.73E-06
5.69E-06
5.64E-06
5.59E-06
5.54E-06
5.49E-06
5.45E-06
5.40E-06
5.36E-06
5.31E-06
5.27E-06
4.44E-06
5.18E-06
5.13E-06
5.09E-06
5.05E-06
5.00E-06
4.98E-06
4.92E-06
4.90E-06
4.86E-06
4.82E-06
4.76E-06
4.71E-06
4.67E-06
4.64E-06
4.60E-06
4.56E-06
4.52E-06
4.48E-06
4.44E-06
4.35E-06
4.37E-06
4.33E-06
4.29E-06
4.26E-06
4.22E-06
4.18E-06
4.15E-06
4.11E-06
4.08E-06
4.04E-06
4.01E-06
3.98E-06
3.94E-06
3.91E-06
3.88E-06
3.84E-06
3.81E-06
3.78E-06
3.75E-06
3.73E-06
3.68E-06
3.65E-06
3.62E-06
3.59E-06
3.56E-06
3.53E-06
3.50E-06
3.47E-06
3.44E-06
3.41E-06
3.38E-06
3.35E-06
3.32E-06
3.30E-06
3.27E-06
3.24E-06
3.21E-06
3.19E-06
3.16E-06
3.13E-06
3.11E-06
3.08E-06
3.05E-06
3.03E-06
3.00E-06
2.98E-06
2.95E-06
2.93E-06
2.90E-06
2.88E-06
2.85E-06
2.83E-06
2.80E-06
2.78E-06
2.76E-06
2.73E-06
2.71E-06
2.69E-06
2.66E-06
2.64E-06
2.62E-06
2.60E-06
2.57E-06
2.55E-06
2.53E-06
2.51E-06
2.49E-06
2.47E-06
2.45E-06
2.42E-06
2.40E-06
2.38E-06
2.36E-06
2.34E-06
2.32E-06
2.30E-06
2.28E-06
2.26E-06
2.15E-06
2.23E-06
2.20E-06
2.19E-06
2.17E-06
2.15E-06
2.13E-06
2.11E-06
2.10E-06
2.08E-06
2.06E-06
2.04E-06
2.03E-06
2.01E-06
1.99E-06
1.98E-06
1.96E-06
1.94E-06
1.93E-06
1.91E-06
1.89E-06
1.88E-06
1.86E-06
1.84E-06
1.83E-06
1.75E-06
1.80E-06
1.72E-06
1.77E-06
1.75E-06
1.60E-06
1.72E-06
1.71E-06
1.64E-06
1.68E-06
1.67E-06
1.51E-06
1.64E-06
1.49E-06
1.61E-06
1.46E-06
1.58E-06
1.52E-06
1.50E-06
1.54E-06
1.48E-06
1.47E-06
1.38E-06
1.37E-06
1.43E-06
1.34E-06
1.45E-06
1.35E-06
1.31E-06
1.37E-06
1.29E-06
1.35E-06
1.26E-06
1.32E-06
1.17E-06
1.30E-06
1.22E-06
1.23E-06
1.23E-06
1.22E-06
1.23E-06
1.18E-06
1.23E-06
1.18E-06
1.21E-06
1.13E-06
1.12E-06
1.11E-06
1.16E-06
1.09E-06
1.08E-06
1.17E-06
1.12E-06
1.11E-06
1.11E-06
1.10E-06
1.09E-06
1.08E-06
1.07E-06
1.06E-06
1.05E-06
1.04E-06
1.03E-06
9.61E-07
1.01E-06
9.45E-07
9.98E-07
8.41E-07
9.20E-07
8.45E-07
7.80E-07
8.96E-07
8.89E-07
8.30E-07
8.74E-07
8.67E-07
9.15E-07
8.52E-07
9.00E-07
8.37E-07
8.85E-07
8.78E-07
8.71E-07
8.10E-07
8.56E-07
8.48E-07
8.41E-07
8.34E-07
8.26E-07
8.19E-07
8.13E-07
8.06E-07
7.98E-07
7.91E-07
7.86E-07
7.78E-07
7.71E-07
7.65E-07
7.58E-07
7.52E-07
7.71E-07
7.39E-07
7.34E-07
7.26E-07
7.21E-07
7.15E-07
7.08E-07
7.26E-07
6.97E-07
7.13E-07
6.84E-07
6.78E-07
6.73E-07
6.67E-07
6.62E-07
6.56E-07
6.51E-07
6.04E-07
5.99E-07
5.95E-07
5.90E-07
5.84E-07
5.80E-07
5.75E-07
5.69E-07
5.66E-07
5.60E-07
5.55E-07
5.51E-07
5.45E-07
5.42E-07
4.23E-07
4.92E-07
5.27E-07
5.23E-07
5.18E-07
5.14E-07
5.10E-07
5.38E-07
5.01E-07
4.97E-07
4.92E-07
5.21E-07
5.34E-07
5.12E-07
5.06E-07
5.03E-07
4.99E-07
4.94E-07
4.90E-07
4.86E-07
4.82E-07
4.77E-07
4.90E-07
4.69E-07
4.66E-07
4.77E-07
4.58E-07
4.69E-07
4.49E-07
4.45E-07
4.42E-07
4.38E-07
4.34E-07
4.31E-07
4.27E-07
4.23E-07
4.34E-07
4.16E-07
4.12E-07
4.08E-07
3.81E-07
3.77E-07
3.75E-07
3.72E-07
3.68E-07
3.64E-07
2.85E-07
3.59E-07
3.55E-07
3.53E-07
3.73E-07
3.40E-07
3.66E-07
3.62E-07
3.60E-07
3.35E-07
3.53E-07
3.51E-07
3.47E-07
3.46E-07
3.42E-07
3.38E-07
3.36E-07
3.33E-07
3.11E-07
3.07E-07
3.05E-07
3.22E-07
3.20E-07
3.16E-07
2.94E-07
2.92E-07
2.90E-07
2.86E-07
2.85E-07
3.01E-07
2.98E-07
2.77E-07
2.75E-07
2.72E-07
2.70E-07
2.68E-07
2.66E-07
2.81E-07
2.79E-07
2.59E-07
2.57E-07
2.64E-07
2.62E-07
2.59E-07
2.48E-07
2.62E-07
2.44E-07
2.42E-07
2.40E-07
2.38E-07
2.35E-07
2.33E-07
2.31E-07
2.29E-07
2.27E-07
2.09E-07
2.07E-07
2.05E-07
2.35E-07
2.01E-07
2.00E-07
1.98E-07
1.96E-07
1.94E-07
1.94E-07
2.05E-07
1.90E-07
1.89E-07
1.87E-07
1.85E-07
1.83E-07
1.82E-07
1.80E-07
1.79E-07
1.77E-07
1.76E-07
2.01E-07
1.87E-07
1.71E-07
1.84E-07
1.96E-07
1.81E-07
1.79E-07
1.77E-07
1.76E-07
1.74E-07
1.73E-07
1.72E-07
1.70E-07
1.80E-07
1.67E-07
1.66E-07
1.64E-07
1.74E-07
1.61E-07
1.60E-07
1.59E-07
1.57E-07
1.56E-07
1.54E-07
1.53E-07
1.52E-07
1.51E-07
1.50E-07
1.48E-07
1.47E-07
1.46E-07
1.44E-07
1.43E-07
1.42E-07
1.41E-07
1.40E-07
1.38E-07
1.37E-07
1.36E-07
1.35E-07
1.34E-07
1.33E-07
1.31E-07
1.30E-07
1.29E-07
1.28E-07
1.27E-07
1.26E-07
1.25E-07
1.24E-07
1.23E-07
1.22E-07
1.21E-07
1.20E-07
1.18E-07
1.18E-07
1.16E-07
1.16E-07
1.15E-07
1.13E-07
1.13E-07
1.12E-07
1.11E-07
1.08E-07
1.09E-07
1.08E-07
1.07E-07
1.06E-07
1.05E-07
1.04E-07
1.03E-07
1.02E-07
1.01E-07
1.01E-07
9.98E-08
9.89E-08
9.81E-08
9.09E-08
9.02E-08
9.56E-08
9.48E-08
9.41E-08
9.32E-08
9.24E-08
9.17E-08
9.08E-08
9.00E-08
8.93E-08
8.85E-08
8.78E-08
8.71E-08
8.17E-08
6.75E-08
8.48E-08
8.41E-08
8.34E-08
8.26E-08
8.19E-08
8.11E-08
8.06E-08
7.98E-08
7.91E-08
7.86E-08
7.78E-08
7.71E-08
7.65E-08
7.58E-08
7.52E-08
7.45E-08
7.39E-08
7.32E-08
7.26E-08
7.21E-08
7.13E-08
7.08E-08
7.02E-08
6.95E-08
6.89E-08
6.84E-08
6.78E-08
6.73E-08
6.67E-08
5.67E-08
6.54E-08
6.49E-08
5.53E-08
5.49E-08
6.32E-08
6.28E-08
5.34E-08
6.17E-08
6.12E-08
6.06E-08
5.16E-08
5.12E-08
5.91E-08
5.86E-08
4.99E-08
4.94E-08
5.71E-08
4.86E-08
4.82E-08
5.56E-08
5.51E-08
4.69E-08
4.66E-08
5.38E-08
4.58E-08
4.53E-08
4.49E-08
4.45E-08
4.42E-08
4.38E-08
4.34E-08
4.31E-08
4.27E-08
4.23E-08
4.20E-08
4.16E-08
3.47E-08
4.08E-08
4.07E-08
3.81E-08
3.77E-08
3.40E-08
3.72E-08
3.88E-08
3.84E-08
3.83E-08
3.79E-08
3.75E-08
3.72E-08
3.70E-08
3.66E-08
3.62E-08
3.60E-08
3.90E-08
3.55E-08
3.84E-08
3.81E-08
3.44E-08
3.18E-08
3.38E-08
3.55E-08
3.33E-08
3.31E-08
3.27E-08
3.23E-08
3.22E-08
3.18E-08
3.16E-08
3.14E-08
3.11E-08
3.09E-08
3.05E-08
3.03E-08
2.53E-08
2.98E-08
2.96E-08
2.66E-08
2.64E-08
2.62E-08
2.61E-08
2.83E-08
2.55E-08
2.53E-08
2.51E-08
2.50E-08
2.48E-08
2.44E-08
2.42E-08
2.40E-08
2.38E-08
2.37E-08
2.35E-08
2.33E-08
2.31E-08
2.29E-08
2.27E-08
2.24E-08
2.22E-08
2.20E-08
2.18E-08
2.16E-08
2.14E-08
2.13E-08
2.11E-08
2.09E-08
2.07E-08
2.05E-08
2.05E-08
2.03E-08
2.01E-08
2.00E-08
1.98E-08
2.14E-08
2.13E-08
2.11E-08
2.09E-08
2.07E-08
2.05E-08
2.03E-08
2.01E-08
2.00E-08
1.98E-08
1.98E-08
1.96E-08
1.94E-08
1.92E-08
1.90E-08
1.89E-08
1.87E-08
1.85E-08
1.84E-08
1.82E-08
1.81E-08
1.50E-08
1.78E-08
1.76E-08
1.47E-08
1.73E-08
1.72E-08
1.43E-08
1.69E-08
1.67E-08
1.39E-08
1.64E-08
1.63E-08
1.36E-08
1.60E-08
1.59E-08
1.32E-08
1.56E-08
1.55E-08
1.29E-08
1.52E-08
1.27E-08
1.26E-08
1.48E-08
1.23E-08
1.22E-08
1.45E-08
1.20E-08
1.19E-08
1.18E-08
1.17E-08
1.16E-08
1.15E-08
1.14E-08
1.13E-08
1.12E-08
1.11E-08
1.10E-08
1.09E-08
1.08E-08
1.28E-08
1.07E-08
1.06E-08
1.05E-08
1.04E-08
1.03E-08
1.02E-08
1.01E-08
1.00E-08
9.94E-09
9.87E-09
9.78E-09
9.70E-09
9.61E-09
9.54E-09
9.45E-09
9.37E-09
9.30E-09
9.20E-09
9.13E-09
8.87E-09
8.96E-09
8.89E-09
8.82E-09
8.74E-09
8.67E-09
8.59E-09
8.52E-09
8.45E-09
8.37E-09
8.30E-09
8.23E-09
8.17E-09
8.10E-09
8.02E-09
7.95E-09
7.89E-09
9.32E-09
7.74E-09
7.69E-09
7.62E-09
7.56E-09
7.49E-09
7.43E-09
7.36E-09
7.30E-09
7.25E-09
7.17E-09
7.12E-09
7.06E-09
6.99E-09
6.93E-09
6.88E-09
6.82E-09
6.75E-09
6.69E-09
6.64E-09
6.58E-09
6.52E-09
6.47E-09
5.58E-09
5.53E-09
5.49E-09
5.75E-09
6.19E-09
6.14E-09
6.10E-09
6.04E-09
5.99E-09
5.93E-09
5.88E-09
5.84E-09
5.79E-09
5.73E-09
5.69E-09
5.64E-09
5.58E-09
5.55E-09
5.49E-09
5.45E-09
5.40E-09
5.36E-09
5.30E-09
4.84E-09
4.81E-09
4.75E-09
4.71E-09
4.68E-09
4.64E-09
4.60E-09
4.57E-09
4.53E-09
4.47E-09
4.44E-09
4.40E-09
4.36E-09
4.33E-09
4.29E-09
4.25E-09
5.47E-09
4.18E-09
4.14E-09
4.10E-09
4.08E-09
4.05E-09
4.01E-09
3.97E-09
3.94E-09
3.90E-09
3.86E-09
3.84E-09
3.81E-09
3.77E-09
4.07E-09
4.03E-09
3.99E-09
3.96E-09
3.92E-09
3.90E-09
3.86E-09
3.83E-09
3.79E-09
3.75E-09
3.73E-09
3.70E-09
3.66E-09
3.64E-09
3.60E-09
3.57E-09
3.55E-09
3.51E-09
3.47E-09
3.46E-09
3.42E-09
3.38E-09
3.36E-09
3.33E-09
3.31E-09
3.27E-09
3.25E-09
3.22E-09
3.20E-09
3.16E-09
3.14E-09
3.11E-09
3.09E-09
3.05E-09
3.03E-09
3.01E-09
2.98E-09
2.96E-09
2.92E-09
2.90E-09
2.88E-09
2.85E-09
2.46E-09
2.81E-09
2.77E-09
2.40E-09
2.74E-09
2.37E-09
2.68E-09
2.31E-09
2.29E-09
2.27E-09
2.59E-09
2.24E-09
2.22E-09
2.33E-09
2.26E-09
2.16E-09
2.14E-09
2.13E-09
2.11E-09
2.09E-09
2.07E-09
2.05E-09
2.26E-09
2.24E-09
2.00E-09
1.98E-09
2.26E-09
2.24E-09
2.22E-09
2.20E-09
2.18E-09
1.89E-09
1.92E-09
1.90E-09
2.11E-09
1.82E-09
1.81E-09
1.79E-09
1.77E-09
1.76E-09
2.00E-09
1.73E-09
1.71E-09
1.70E-09
1.69E-09
1.92E-09
1.66E-09
1.64E-09
1.63E-09
1.61E-09
1.84E-09
1.59E-09
1.57E-09
1.56E-09
1.55E-09
1.53E-09
1.52E-09
1.51E-09
1.58E-09
1.48E-09
1.47E-09
1.45E-09
1.44E-09
1.74E-09
1.42E-09
1.41E-09
1.39E-09
1.69E-09
1.37E-09
1.36E-09
1.35E-09
1.33E-09
1.32E-09
1.31E-09
1.30E-09
1.29E-09
1.28E-09
1.27E-09
1.45E-09
1.43E-09
1.42E-09
1.41E-09
1.40E-09
1.24E-09
1.23E-09
1.22E-09
1.35E-09
1.16E-09
1.15E-09
1.14E-09
1.30E-09
1.12E-09
1.11E-09
1.10E-09
1.26E-09
1.08E-09
1.08E-09
1.07E-09
1.22E-09
1.21E-09
1.04E-09
1.18E-09
1.18E-09
1.01E-09
1.01E-09
1.14E-09
1.13E-09
9.80E-10
1.12E-09
1.11E-09
9.54E-10
9.46E-10
1.08E-09
1.07E-09
9.74E-10
9.67E-10
9.57E-10
9.50E-10
9.43E-10
9.33E-10
9.26E-10
9.17E-10
9.09E-10
9.02E-10
8.95E-10
8.87E-10
8.80E-10
8.72E-10
8.63E-10
8.58E-10
8.50E-10
8.43E-10
8.35E-10
8.28E-10
8.21E-10
8.13E-10
8.06E-10
8.00E-10
7.93E-10
7.86E-10
7.80E-10
7.73E-10
7.65E-10
7.60E-10
7.12E-10
7.06E-10
7.01E-10
7.34E-10
7.26E-10
7.21E-10
7.15E-10
7.10E-10
7.02E-10
6.95E-10
6.91E-10
6.84E-10
6.77E-10
6.73E-10
6.67E-10
6.62E-10
6.56E-10
6.51E-10
6.45E-10
6.40E-10
6.34E-10
6.28E-10
6.23E-10
6.17E-10
5.79E-10
6.60E-10
5.67E-10
5.64E-10
5.58E-10
5.55E-10
5.49E-10
5.45E-10
5.40E-10
5.36E-10
5.30E-10
5.27E-10
5.21E-10
5.18E-10
5.12E-10
5.08E-10
5.05E-10
4.99E-10
4.95E-10
4.92E-10
4.86E-10
4.82E-10
4.79E-10
5.03E-10
4.58E-10
4.66E-10
4.62E-10
4.58E-10
4.55E-10
4.51E-10
4.47E-10
4.44E-10
4.40E-10
4.36E-10
4.33E-10
4.27E-10
4.25E-10
4.21E-10
4.18E-10
4.14E-10
4.10E-10
4.07E-10
4.03E-10
3.99E-10
3.96E-10
3.92E-10
3.90E-10
3.86E-10
3.83E-10
3.79E-10
3.75E-10
3.73E-10
4.25E-10
3.66E-10
3.84E-10
3.60E-10
3.57E-10
3.55E-10
3.51E-10
3.47E-10
3.46E-10
3.42E-10
3.38E-10
3.36E-10
3.33E-10
3.31E-10
3.27E-10
3.25E-10
3.22E-10
3.20E-10
3.16E-10
3.14E-10
3.11E-10
3.09E-10
3.05E-10
3.03E-10
3.01E-10
2.98E-10
2.96E-10
2.92E-10
2.90E-10
2.88E-10
2.85E-10
2.83E-10
2.81E-10
2.77E-10
2.75E-10
2.74E-10
2.72E-10
2.68E-10
2.66E-10
2.64E-10
2.62E-10
2.59E-10
2.57E-10
2.55E-10
2.53E-10
2.51E-10
2.48E-10
2.46E-10
2.44E-10
2.42E-10
2.40E-10
2.38E-10
2.37E-10
2.35E-10
2.31E-10
2.29E-10
2.27E-10
2.26E-10
2.24E-10
2.22E-10
2.20E-10
2.18E-10
2.16E-10
2.14E-10
2.13E-10
2.11E-10
2.09E-10
2.20E-10
2.05E-10
2.03E-10
2.01E-10
2.00E-10
1.98E-10
1.98E-10
1.96E-10
1.94E-10
1.92E-10
1.90E-10
1.89E-10
1.87E-10
1.85E-10
1.80E-10
1.82E-10
1.81E-10
1.89E-10
1.61E-10
1.76E-10
1.74E-10
1.73E-10
1.72E-10
1.66E-10
1.68E-10
1.67E-10
1.66E-10
1.49E-10
1.63E-10
1.62E-10
1.60E-10
1.59E-10
1.57E-10
1.56E-10
1.55E-10
1.53E-10
1.52E-10
1.51E-10
1.50E-10
1.48E-10
1.47E-10
1.46E-10
1.44E-10
1.43E-10
1.42E-10
1.28E-10
1.39E-10
1.38E-10
1.37E-10
1.36E-10
1.22E-10
1.34E-10
1.33E-10
1.31E-10
1.18E-10
1.29E-10
1.28E-10
1.27E-10
1.26E-10
1.13E-10
1.24E-10
1.11E-10
1.21E-10
1.09E-10
1.08E-10
1.18E-10
1.14E-10
1.13E-10
1.12E-10
1.11E-10
1.10E-10
1.09E-10
1.08E-10
1.08E-10
1.06E-10
1.06E-10
9.78E-11
9.70E-11
9.93E-11
9.83E-11
9.45E-11
1.03E-10
9.28E-11
9.20E-11
9.13E-11
9.06E-11
8.98E-11
8.89E-11
9.70E-11
8.74E-11
8.67E-11
8.59E-11
8.52E-11
8.45E-11
8.37E-11
8.30E-11
8.23E-11
8.15E-11
8.10E-11
8.02E-11
7.95E-11
7.89E-11
7.82E-11
7.74E-11
7.69E-11
7.62E-11
7.56E-11
7.49E-11
7.41E-11
7.36E-11
7.82E-11
7.23E-11
7.17E-11
7.12E-11
7.04E-11
6.99E-11
6.93E-11
6.88E-11
6.80E-11
6.75E-11
6.69E-11
6.64E-11
7.04E-11
6.52E-11
7.12E-11
6.88E-11
6.80E-11
6.75E-11
6.69E-11
6.64E-11
6.58E-11
6.52E-11
6.47E-11
6.41E-11
6.34E-11
6.30E-11
6.25E-11
6.19E-11
6.14E-11
6.08E-11
6.03E-11
5.99E-11
5.93E-11
5.88E-11
5.82E-11
5.77E-11
5.73E-11
5.67E-11
5.62E-11
5.58E-11
5.53E-11
5.49E-11
5.43E-11
5.40E-11
5.34E-11
5.29E-11
5.25E-11
5.21E-11
5.16E-11
5.12E-11
4.84E-11
4.81E-11
4.77E-11
4.73E-11
4.68E-11
4.64E-11
4.60E-11
5.08E-11
4.53E-11
4.49E-11
4.45E-11
4.42E-11
4.36E-11
4.33E-11
4.29E-11
4.25E-11
4.42E-11
4.38E-11
4.16E-11
4.12E-11
4.08E-11
4.23E-11
4.20E-11
3.99E-11
3.94E-11
3.90E-11
4.05E-11
3.84E-11
3.81E-11
3.77E-11
3.73E-11
3.88E-11
3.84E-11
3.64E-11
3.62E-11
3.59E-11
3.55E-11
3.53E-11
3.40E-11
3.36E-11
3.35E-11
3.31E-11
3.38E-11
3.25E-11
3.23E-11
3.25E-11
3.18E-11
3.14E-11
3.12E-11
3.09E-11
3.14E-11
3.12E-11
3.09E-11
3.07E-11
3.05E-11
3.01E-11
2.99E-11
2.96E-11
2.94E-11
2.92E-11
2.88E-11
2.86E-11
2.85E-11
2.81E-11
2.79E-11
2.77E-11
2.74E-11
2.72E-11
2.70E-11
2.68E-11
2.64E-11
2.62E-11
2.55E-11
2.53E-11
2.48E-11
2.48E-11
2.51E-11
2.50E-11
2.48E-11
2.46E-11
2.44E-11
2.40E-11
2.38E-11
2.37E-11
2.35E-11
2.33E-11
2.31E-11
2.29E-11
2.27E-11
2.26E-11
2.24E-11
2.22E-11
2.20E-11
2.18E-11
2.16E-11
2.14E-11
2.13E-11
2.11E-11
2.09E-11
2.07E-11
2.05E-11
2.03E-11
2.01E-11
2.00E-11
2.07E-11
2.05E-11
2.03E-11
2.01E-11
2.00E-11
1.98E-11
1.96E-11
1.94E-11
1.94E-11
1.92E-11
1.90E-11
1.89E-11
1.87E-11
1.85E-11
1.83E-11
1.82E-11
1.80E-11
1.78E-11
1.77E-11
1.74E-11
1.72E-11
1.72E-11
1.68E-11
1.68E-11
1.68E-11
1.66E-11
1.65E-11
1.64E-11
1.62E-11
1.61E-11
1.60E-11
1.59E-11
1.57E-11
1.45E-11
1.44E-11
1.43E-11
1.42E-11
1.40E-11
1.39E-11
1.38E-11
1.37E-11
1.36E-11
1.35E-11
1.33E-11
1.32E-11
1.31E-11
1.30E-11
1.26E-11
1.28E-11
1.24E-11
1.35E-11
1.22E-11
1.23E-11
1.20E-11
1.21E-11
1.20E-11
1.17E-11
1.18E-11
1.15E-11
1.16E-11
1.13E-11
1.14E-11
1.11E-11
1.12E-11
1.11E-11
1.08E-11
1.09E-11
1.06E-11
1.05E-11
1.06E-11
1.04E-11
1.03E-11
1.02E-11
1.01E-11
1.02E-11
9.91E-12
9.81E-12
9.94E-12
9.65E-12
9.57E-12
9.48E-12
9.41E-12
9.33E-12
9.24E-12
9.17E-12
9.09E-12
9.02E-12
8.93E-12
9.04E-12
8.78E-12
8.71E-12
8.82E-12
8.56E-12
8.48E-12
8.58E-12
8.34E-12
8.26E-12
8.19E-12
8.13E-12
8.23E-12
7.98E-12
7.91E-12
8.00E-12
7.78E-12
7.71E-12
7.80E-12
7.58E-12
7.52E-12
7.62E-12
7.39E-12
7.32E-12
7.41E-12
7.21E-12
7.13E-12
7.08E-12
7.02E-12
6.95E-12
6.89E-12
6.84E-12
6.78E-12
6.73E-12
6.65E-12
6.75E-12
6.54E-12
6.49E-12
6.56E-12
6.38E-12
6.32E-12
6.40E-12
6.21E-12
6.17E-12
6.12E-12
6.06E-12
6.01E-12
5.95E-12
5.90E-12
5.86E-12
5.80E-12
5.75E-12
5.71E-12
5.66E-12
5.60E-12
5.56E-12
5.51E-12
5.47E-12
5.42E-12
5.36E-12
5.32E-12
5.38E-12
5.23E-12
5.19E-12
5.14E-12
5.10E-12
5.05E-12
5.12E-12
4.97E-12
4.92E-12
4.88E-12
4.84E-12
4.90E-12
4.75E-12
4.71E-12
4.68E-12
4.64E-12
